INSERT INTO chart9 (Année, Taxis_existants, Nombre_total_de_taxis_à_Fès, Taux_de_croissance_annuel)
VALUES
    (2010, 350, 350, 7.87),
    (2011, 380, 380, 8.57),
    (2012, 420, 420, 10.53),
    (2013, 460, 460, 9.52),
    (2014, 510, 560, 21.74),
    (2015, 560, 610, 8.93),
    (2016, 620, 670, 9.84),
    (2017, 680, 730, 8.96),
    (2018, 750, 800, 9.59),
    (2019, 820, 870, 8.75),
    (2020, 850, 900, 3.45),
    (2021, 900, 950, 5.56);
    
    
    
INSERT INTO chart10 (Année, Investissements_routes_millions_MAD, Investissements_transports_en_commun_millions_MAD, Investissements_autres_infrastructures_millions_MAD)
VALUES
    (2010, 2000, 500, 10),
    (2011, 2500, 600, 15),
    (2012, 3000, 700, 20),
    (2013, 3500, 800, 25),
    (2014, 4000, 900, 30),
    (2015, 4500, 1000, 35),
    (2016, 5000, 1100, 40),
    (2017, 5500, 1200, 45),
    (2018, 6000, 1300, 50),
    (2019, 6500, 1400, 55),
    (2020, 4030, 1020, 20),
    (2021, 5035, 1520, 30),
    (2022, 11080, 3020, 40),
    (2023, 12090, 3030, 50);
    
    

INSERT INTO chart12 (Année, Nombre_total_de_voyageurs_millions, Nombre_total_de_trains_par_jour, Nombre_total_de_quais, Superficie_totale_des_gares_m², Taux_de_satisfaction_moyen_des_clients)
VALUES
    (2010, 1.5, 60, 4, 8000, 75),
    (2011, 1.7, 65, 4, 8200, 76),
    (2012, 1.8, 70, 4, 8400, 77),
    (2013, 1.9, 75, 4, 8600, 78),
    (2014, 2.0, 80, 5, 8800, 79),
    (2015, 2.1, 80, 5, 9000, 80),
    (2016, 2.2, 80, 5, 9200, 81),
    (2017, 2.3, 80, 6, 9400, 82),
    (2018, 2.4, 80, 6, 9600, 83),
    (2019, 2.5, 80, 6, 9800, 84),
    (2020, 2.6, 80, 6, 10000, 85),
    (2021, 2.7, 80, 6, 10200, 86),
    (2022, 2.8, 80, 6, 10400, 87),
    (2023, 2.9, 80, 6, 10600, 88);   
    
    
INSERT INTO chart11 (Type_transport, Pourcentage_utilisation)
VALUES
    ('Grands Taxis', 30.00),
    ('Petits Taxis', 25.00),
    ('Bus', 30.00),
    ('Train', 15.00); 
    
    
    
INSERT INTO chart8 (Annee, Nouveaux_Etablissements, Investissements_Millions_Dirhams, Popularite_Cuisine_Marocaine, Nombre_Employes, Taux_Croissance_Emploi)
VALUES
(2010, 15, 30.00, 65.00, 150, 5.00),
(2011, 18, 35.00, 68.00, 170, 7.00),
(2012, 20, 40.00, 70.00, 180, 8.00),
(2013, 22, 45.00, 72.00, 190, 6.00),
(2014, 25, 50.00, 75.00, 200, 5.00),
(2015, 28, 55.00, 78.00, 210, 7.00),
(2016, 30, 60.00, 80.00, 220, 8.00),
(2017, 33, 65.00, 82.00, 230, 9.00),
(2018, 36, 70.00, 85.00, 240, 7.00),
(2019, 40, 75.00, 87.00, 250, 6.00),
(2020, 42, 80.00, 90.00, 260, 5.00),
(2021, 45, 85.00, 92.00, 270, 7.00),
(2022, 48, 90.00, 95.00, 280, 8.00),
(2023, 50, 95.00, 98.00, 290, 9.00);

INSERT INTO chart5 (Annee, Nouveaux_restaurants, Nouveaux_cafes, Investissements)
VALUES
    (2010, 7, 15, 41.64),
    (2011, 8, 16, 43.73),
    (2012, 9, 17, 45.82),
    (2013, 9, 19, 47.91),
    (2014, 10, 20, 50.00),
    (2015, 12, 22, 55.00),
    (2016, 12, 24, 60.00),
    (2017, 14, 26, 65.00),
    (2018, 14, 28, 70.00),
    (2019, 16, 30, 75.00),
    (2020, 8, 15, 40.00),
    (2021, 10, 20, 45.00),
    (2022, 18, 36, 80.00),
    (2023, 20, 40, 85.00);
    
    
    
INSERT INTO chart4 (TypeHebergement, Printemps, Ete, Automne, Hiver, Remarques) VALUES
('Hôtels', 3, 5, 4, 3, 'Plus longs séjours en été'),
('Riads', 4, 6, 5, 4, 'Préférence pour les séjours en riads'),
('Appartements', 7, 10, 7, 6, 'Séjours plus longs pour l''indépendance'),
('Auberges', 2, 3, 2, 2, 'Courts séjours à budget limité');






INSERT INTO chart3 (Annee, BudgetBas, BudgetMoyen, BudgetEleve) VALUES
(2000, 150, 400, 800),
(2001, 160, 420, 850),
(2002, 170, 440, 900),
(2003, 180, 460, 950),
(2004, 190, 480, 1000),
(2005, 200, 500, 1050),
(2006, 210, 520, 1100),
(2007, 220, 550, 1150),
(2008, 230, 580, 1200),
(2009, 240, 600, 1250),
(2010, 250, 630, 1300),
(2011, 260, 650, 1350),
(2012, 270, 680, 1400),
(2013, 280, 700, 1450),
(2014, 290, 730, 1500),
(2015, 300, 750, 1550),
(2016, 310, 780, 1600),
(2017, 320, 800, 1650),
(2018, 330, 830, 1700),
(2019, 340, 850, 1750),
(2020, 350, 880, 1800),
(2021, 360, 900, 1850),
(2022, 370, 930, 1900);


INSERT INTO Chart6 (Annee, Cuisine_Marocaine, Cuisine_Internationale)
VALUES 
    (2010, 60, 40),
    (2011, 62, 38),
    (2012, 64, 36),
    (2013, 65, 35),
    (2014, 66, 34),
    (2015, 67, 33),
    (2016, 68, 32),
    (2017, 69, 31),
    (2018, 70, 30),
    (2019, 71, 29),
    (2020, 72, 28),
    (2021, 73, 27),
    (2022, 74, 26),
    (2023, 75, 25);
    
    
INSERT INTO chart2 (Annee, NombreEtablissements, CapaciteAccueil, TauxOccupation)
VALUES 
(2010, 300, 15000, 60),
(2011, 310, 15500, 62),
(2012, 320, 16000, 64),
(2013, 330, 16500, 66),
(2014, 340, 17000, 68),
(2015, 350, 17500, 70),
(2016, 360, 18000, 72),
(2017, 370, 18500, 74),
(2018, 380, 19000, 76),
(2019, 390, 19500, 78),
(2020, 380, 18000, 40),
(2021, 382, 19000, 50),
(2022, 384, 19500, 60);



INSERT INTO chart1 (Annee, NombreEtablissements, NombreLits)
VALUES 
(2010, 300, 15000),
(2011, 310, 15500),
(2012, 320, 16000),
(2013, 330, 16500),
(2014, 340, 17000),
(2015, 350, 17500),
(2016, 360, 18000),
(2017, 370, 18500),
(2018, 380, 19000),
(2019, 390, 19500),
(2020, 380, 18000),
(2021, 382, 19000),
(2022, 384, 19500);


INSERT INTO chart7 (Annee, Nouveaux_Emplois, Nombre_Total_Employes, Taux_Croissance_Emploi)
VALUES
(2010, 500, 2500, '9.1'),
(2011, 550, 2800, '10%'),
(2012, 600, 3200, '8.3%'),
(2013, 650, 3600, '7.7%'),
(2014, 700, 4000, '7.1%'),
(2015, 750, 4400, '6.7%'),
(2016, 800, 4800, '6.3%'),
(2017, 850, 5200, '6.0%'),
(2018, 900, 5600, '5.8%'),
(2019, 950, 6000, '5.6%'),
(2020, 1000, 6500, '6.5%'),
(2021, 1050, 7050, '7.7%'),
(2022, 1100, 7700, '9.2%'),
(2023, 1150, 8350, '8.4%');